39
20
31
14
22
13
60
37
47
17
14
6
20
17
18
2
33
36
6
4
10
4
19
19
13
23
9
18
12
14
27
65
74
92
104
32
47
87
75
69
58
79
47
41
41
58
16
31
24
16
13
14
15
29
9
32
39
47
56
34
51
100
111
116
76
83
68
132
70
97
74
78
78
188
201
297
191
180
175
172
172
183
180
180
180
180
125
125
139
137
150
167
151
156
168
168
180
187
189
196
193
208
208
213
202
300
272
280
250
284
284
292
292
289
180
182
182
226
136
153
154
164
164
203
50
209
162
162
0
169
81
57
157
250
209
236
259
243
264
264
264
264
202
305
260
282
284
341
8
51
41
43
35
34
34
45
0
242
8
8
0
242
266
339
313
410
259
356
284
404
345
433
564
564
568
568
604
682
580
568
572
576
576
1098
4594
4602
4602
4602
4590
4602
4602
4602
4606
4606
4606
4606
4606
4610
4610
4610
4610
4618
4622
4622
4631
4631
4631
1000
-1000
1000
-1000
1000
-1000
1000
-1000
1000
-1000
1000
-1000
1000
-56
-39
-96
-42
-69
-41
-139
-120
-105
-89
-134
-122
-147
-128
-147
-119
-119
-109
-112
-113
-127
-102
-88
-84
-80
-58
-116
-122
-181
-162
-177
-126
-123
-74
-80
-52
-57
-45
-51
-50
-35
-4
-38
-29
-27
-8
-13
-31
-26
-47
-10
-18
-22
-26
-52
-51
-52
-88
-51
-57
-774
-212
-727
47
82
45
0
36
3
4
31
22
29
10
5
62
65
224
220
227
218
216
216
227
193
234
231
275
257
358
313
349
372
427
348
335
325
300
314
493
232
249
224
558
561
560
457
606
385
333
352
401
459
510
477
477
304
333
236
250
241
308
321
319
324
363
381
363
370
352
378
429
381
413
404
450
447
457
433
512
591
619
594
633
620
639
634
800
730
784
320
320
317
350
397
393
412
468
429
460
435
582
625
658
668
712
775
821
809
837
863
865
932
994
-59
-14
-56
-12
-37
-43
-28
-14
-87
-17
-10
-34
-39
-50
0
-46
-54
-70
-32
-74
-31
-90
-90
-109
-113
-132
-69
-87
-79
-97
-77
-135
-131
-141
-89
-704
-751
-653
-645
-756
-748
-838
-781
-792
-783
-789
-702
-718
-699
-831
-800
-892
-943
-945
-864
-885
-873
-973
-891
-1531
-1547
-1652
-1424
-1799
-1200
-1408
-1152
1000
-1129
-1191
-1152
-1479
-1311
-1361
-1069
1000
58
54
48
52
3
106
5
9
6
17
18
30
33
38
19
58
28
25
10
10
4
4
16
1
33
11
24
31
574
577
839
910
929
556
550
559
604
534
528
547
934
-74
-44
-72
-22
-10
-5
-43
-45
-52
-35
-27
-39
-143
-71
-191
-204
-280
-111
-50
-18
-7
-19
-28
-54
-57
-23
-33
-62
-6
-12
0
-99
-66
-114
-82
-81
-66
-130
-95
-137
-105
-97
-114
-285
-259
-286
-272
-308
-283
-303
-318
-320
-325
-345
-263
-292
-267
-339
-333
-359
-386
-951
-378
-647
-431
-470
-370
-465
-349
-377
-173
-310
-425
-614
-398
-855
-362
-175
-263
-288
-298
-422
48
13
108
102
99
104
144
123
150
153
174
168
554
602
578
540
853
907
923
-39
-47
-64
-74
-14
-94
-43
-18
-30
-30
-21
-19
-4
-1
-32
-42
-11
-11
-7
0
-16
-2
-4
-20
-7
-35
-5
0
-58
-17
-46
-27
-42
0
-9
-12
-68
-61
-85
-47
-122
-50
-79
-99
-87
-104
-178
-120
-180
-185
-133
-89
-112
-121
-158
-184
-189
-9
-42
-35
-17
-31
-37
-38
-62
-145
-100
-145
-128
-133
-106
-154
-86
-82
-113
-129
-102
-112
-71
-106
-102
-111
-126
-135
-137
-214
-219
-219
-237
-254
-290
-299
-277
-363
-311
-319
-312
-395
-404
-412
-423
-463
-463
-414
-415
-453
-272
-444
-293
-479
-454
-499
-470
-513
-486
-504
-510
-520
-525
-566
-561
-575
-568
-610
-644
-650
-646
-636
-580
-622
-564
-371
-456
-4133
-4133
-4133
-4134
-4134
-4134
-5097
-5097
-5114
-5110
18
56
58
46
61
16
23
2
11
31
30
43
46
45
50
50
40
40
8
57
39
58
44
71
63
66
26
34
33
42
29
43
33
41
75
50
27
45
54
44
27
17
91
33
103
11
112
17
81
86
114
35
25
240
210
204
272
268
246
235
223
302
285
519
-42
-32
-65
-59
-76
-46
-81
-75
-89
-80
-90
-58
-60
-33
-93
-78
-107
-112
-179
-79
-95
-104
-88
-83
-67
-58
-60
-67
-105
-92
-175
-150
-274
-156
-196
-22
-10
-4
-130
-104
-147
-102
-168
-31
-216
-133
-148
-128
-295
-194
-328
-185
-304
-298
-547
-685
-641
-621
-904
-658
-643
-654
-735
-747
-885
-592
-598
-610
-677
-667
-651
-629
-608
1000
-704
-656
-918
-893
-1333
-635
1000
-1000
1000
-1943
-5369
-1889
-5381
-1000
1000
-526
-527
-502
-527
-588
-608
-641
-665
-649
-664
-704
-809
-837
-954
-679
-1111
-1640
-5285
-5277
-5277
-5289
-5293
-5293
-5306
-5306
-5306
-5306
-5322
-6211
-6211
-1000
1000
-1000
1000
-1000
1000
-1000
51
28
47
27
37
11
30
30
37
20
44
42
100
36
81
90
93
114
113
115
140
91
106
72
138
128
168
136
197
177
208
198
129
230
202
221
211
215
221
271
284
670
696
1000
-47
-32
-81
-88
-118
-81
-93
-93
-131
-125
-137
-138
-156
-116
-172
-138
-150
-131
-150
-156
-207
-136
-184
-172
-188
-174
-181
-107
-62
-82
-433
-360
-520
-421
-495
-543
-594
-616
-607
-508
-579
-289
-508
-242
-884
-292
-312
-165
-154
-143
-179
-149
-305
-245
-283
-144
-253
-321
-307
-302
-235
-217
-212
-298
-92
-82
-83
-37
-32
-32
-18
-1
-1
-2
-6
-13
-4
-19
-17
-20
-64
-57
-67
-67
-226
-72
-279
-341
-651
-762
-823
-785
-872
-864
-904
-933
-970
-893
-961
-1024
-1127
-893
-5743
-1127
-1301
-1335
-1420
-1605
-2091
-1507
-2019
-1996
-2016
-1943
1000
-1347
-1432
-1317
-1376
-1249
19
8
75
48
48
30
83
64
81
84
83
77
118
125
117
125
136
87
126
100
211
237
654
714
745
709
725
689
678
678
736
715
780
782
779
799
785
758
860
810
865
760
820
968
962
994
1472
1468
1484
1568
2468
2483
1000
-19
-24
-90
-83
-74
-84
-114
-67
-141
-86
-107
-79
-135
-114
-106
-117
-121
-53
-87
-58
-77
-58
-99
-46
-24
-3
-54
-43
-44
-42
-33
-7
-21
-1
-9
-13
-53
-13
-34
-17
-52
-14
-29
-16
-23
-18
-12
-36
-8
-15
-27
-41
-69
-11
-20
-8
-3
-6
-41
-37
-56
-31
-11
-51
0
0
0
0
-39
-29
-41
-23
-2
-28
-32
-56
-65
-306
-292
-229
-191
-222
-190
-152
-141
-140
-47
-107
-139
-102
-157
-250
-419
-225
-471
-723
-871
-945
-965
-1016
-1142
-1286
-1232
-1385
-1446
-1459
-1519
-1485
-1561
-1572
16
24
14
42
10
81
105
10
44
122
19
10
50
20
27
201
216
160
155
368
325
330
282
683
781
762
759
766
770
835
783
789
742
800
645
655
652
664
687
707
684
678
669
669
648
648
646
757
657
772
633
770
640
666
667
743
645
679
609
662
669
670
670
721
683
737
684
750
730
740
720
895
729
802
837
845
800
822
785
1028
923
1300
1293
1266
1249
1401
1238
1257
1247
1249
0
1157
1132
1155
1118
1716
1740
1865
1879
1899
1956
2012
2130
2833
5831
1000
-31
-29
-50
-54
-40
-47
-73
-44
-44
-7
-14
-37
-14
-14
-37
-33
-17
-29
-5
-53
-45
-33
-17
-24
-37
0
-5
-22
-19
-35
-25
-29
-44
-44
-42
-44
-43
-58
-53
-83
-74
-70
-14
-23
0
-9
-3
-2
-15
-8
-8
-13
-21
-26
0
-63
-16
-30
-17
-5
-11
-10
-31
-10
-4
-1
-6
0
-28
-31
-22
-22
-28
-2
-24
-36
-37
-12
-5
-7
-18
-34
-25
-14
-5
-8
-35
-10
-10
-19
-3
-4
-26
-19
-31
-23
-27
-14
-33
-24
-28
38
36
84
75
96
86
98
51
116
100
159
133
153
143
175
135
135
131
169
169
170
123
181
150
257
120
141
136
109
98
94
39
74
286
358
255
248
292
364
342
262
233
1879
-1000
1000
-1000
1000
-1000
1000
-1000
1000
-52
-24
-2
-50
-14
-77
-52
-137
-20
-77
-18
-325
-296
-281
-283
-281
-276
-261
-79
-325
-354
-468
-230
-432
-276
-239
-73
-132
-78
-80
-82
-412
-145
-143
-148
-157
-133
-267
-198
-350
-304
-427
-404
-690
-539
-560
-595
-601
-491
-844
-828
1000
45
22
8
16
4
20
45
41
27
0
8
1
20
3
15
2
14
22
4
16
68
99
78
59
66
35
55
22
45
6
6
6
15
27
22
11
95
117
145
173
150
39
75
70
70
55
58
24
47
56
89
97
47
132
216
82
160
142
233
230
165
158
293
289
292
279
305
296
308
309
341
325
350
360
356
107
99
99
116
101
22
0
75
183
2
30
88
129
91
141
68
177
134
171
-51
-22
-80
-70
-102
-62
-101
-60
-81
-55
-75
-83
-106
-87
-77
-86
-76
-59
-78
-73
-68
-61
-75
-64
-51
-79
-111
-108
-108
-79
-61
-50
-78
-124
-33
-48
-43
-8
-20
-4
-28
-140
-152
-134
-130
-137
-218
-254
-230
-238
-233
41
10
57
9
27
2
32
32
32
44
15
39
25
24
52
55
41
34
141
38
46
26
2
8
6
2
69
43
61
20
28
7
8
11
30
25
35
25
85
31
168
18
83
83
72
36
42
16
56
60
70
69
79
88
61
151
174
234
229
232
229
318
241
556
491
502
504
502
515
517
524
539
543
659
535
1177
1222
1236
1262
1630
1463
1000
1464
1500
1584
5420
-1000
1000
4806
1000
-1000
1000
5412
5420
5420
1000
4922
4927
4927
1000
-1000
1000
-1000
1000
-1000
1000
4927
4927
-41
-32
-37
-35
-58
-20
-49
-49
-58
-69
-37
-1
-29
-64
-5
-14
-42
-15
-12
-12
-54
-43
-43
-8
-5
-8
-18
-13
-32
-36
-33
0
-39
-47
-67
-46
-67
-50
-50
-50
-47
-50
-50
-62
-69
-27
-43
-2
-4
0
-45
-12
-43
-47
-49
-34
-72
-67
-87
-84
-102
-55
-62
-52
-78
-56
-56
-56
0
-9
-66
-60
-72
-78
-72
-73
-69
-60
-41
-40
-46
-30
-28
-28
-28
-28
-85
-85
-85
-21
-25
-86
-44
-42
-48
-48
-26
-19
-27
-10
-91
-85
-103
-103
-108
-103
-128
-162
-185
-20
-60
-275
-185
-213
-235
-131
-148
-159
-147
-200
-158
-178
-201
-195
-89
-185
-130
-101
-69
-83
-63
-64
-87
-89
-19
-9
-8
-8
-8
40
62
35
17
22
24
45
50
106
79
80
52
118
48
37
31
29
37
72
61
87
36
68
60
121
63
152
18
16
45
52
108
20
122
21
14
1393
-34
-67
-23
-20
-41
-20
-570
-63
-6
-9
-9
-130
-104
-207
-147
-179
-162
-340
-354
-331
-164
-189
-212
-316
-248
-325
-245
-251
-260
-258
-214
-418
-355
-507
-435
-594
-354
-515
-587
-597
-474
-1150
-468
-586
-597
-2175
-2105
-2537
-2327
-2392
-541
-692
-567
-693
-464
-495
-317
-323
-261
-271
-288
-1919
-2043
-2070
-1730
-3110
-3294
1000
-1992
-2014
-240
-240
-107
-198
-225
-229
-195
-753
-760
-773
-746
-778
-731
-800
-744
-752
-747
-765
-750
-767
-47
-804
0
-792
-778
-750
-765
-4986
-256
-4790
-4790
-4790
-1243
-1269
-4786
-4786
-1900
-5273
-5273
-5795
-5273
-5273
-5281
-5281
-5293
-5297
46
41
3
13
27
16
196
27
49
25
51
10
8
20
20
22
55
54
58
48
61
59
74
12
62
40
23
28
48
36
42
54
84
17
4
29
52
74
82
22
18
10
77
24
50
38
66
31
51
38
79
19
12
93
50
156
118
121
193
162
0
97
0
200
110
74
68
93
56
58
25
59
130
77
362
345
367
350
526
556
639
647
657
626
633
643
657
706
707
647
647
646
665
658
806
710
760
8
5
-56
-15
-17
-13
-44
-52
-82
-25
-47
-39
-33
-39
-33
-20
-18
-4
-58
-31
-38
-40
-71
-12
-7
-6
-27
-7
-2
-19
-65
-1
-33
-41
-94
-20
-197
-204
-329
-309
-416
-323
-475
-65
-12
-38
-75
-32
-6
-12
-8
-10
-39
-33
-48
-10
-12
0
0
-8
0
0
-6
-16
-10
-8
-8
-14
-12
-49
-5
-8
-2
-1
-2
-26
-12
-12
-12
-11
-16
-12
-76
-106
-91
-50
-93
0
-107
-115
-139
-90
-22
-27
0
-37
-23
-134
-227
-471
-114
-202
-231
-220
-967
-992
-992
-1000
-1006
38
65
55
12
75
12
588
33
0
19
32
150
127
174
137
207
135
170
168
217
125
187
147
161
128
235
191
200
140
208
158
276
253
259
297
314
295
466
153
209
231
131
110
185
120
108
135
143
145
146
105
105
116
126
137
281
324
484
464
481
0
0
350
433
568
516
541
577
689
576
855
296
600
614
1000
-1000
1000
1253
1277
1277
1266
1245
1339
-55
-41
-31
-37
-11
-37
-8
-13
-9
-62
-66
-59
-58
-61
-5
-16
-16
-16
-21
-21
-29
-27
-16
-7
-8
-66
-97
-68
-70
-30
-110
-75
-102
-110
-243
-183
-220
-207
-174
-184
-1407
-1295
-1393
-750
-912
-804
-818
-794
1000
51
12
22
13
51
14
19
18
29
21
4
73
29
52
8
12
39
39
36
29
10
19
15
24
15
56
92
7
112
68
50
59
61
22
25
88
68
0
112
58
38
60
43
5
43
48
18
3
34
29
48
41
176
178
213
231
235
142
158
143
141
0
169
108
125
65
144
50
85
73
78
0
88
51
128
58
346
385
177
58
102
34
65
24
8
169
362
446
766
652
852
1120
1183
-54
-13
-73
-65
-71
-26
-31
-177
-175
-175
-166
-200
-150
-350
-129
-188
-176
-310
-163
-171
-122
-109
-166
-164
-93
-105
-106
-130
-123
-122
-43
-41
-39
-77
-68
-92
-127
-141
-147
-133
-114
-128
-39
-97
-79
-9
-28
-15
-38
-60
-132
-35
-33
-52
-46
-32
-78
-72
-72
-54
-154
-163
-172
-140
-189
-122
-253
-35
-171
0
-2143
-126
-536
-416
-89
-96
-136
-95
-65
-57
-177
-37
-55
-17
-31
-41
-41
0
0
-378
-51
-110
-107
-57
-31
0
-610
-113
-145
52
19
42
41
43
35
27
34
73
38
33
14
51
17
17
1
19
3
28
14
1
2
8
17
7
61
64
55
81
10
58
9
0
128
18
28
20
0
7
7
29
22
5
123
53
15
4
11
118
110
137
70
56
45
49
1
3
35
41
61
24
108
115
88
94
45
109
84
123
87
89
47
88
131
146
154
154
18
18
17
17
20
21
17
20
28
28
28
32
38
39
40
42
38
34
37
42
24
34
39
34
24
33
27
27
34
39
39
39
8
8
8
8
8
8
64
8
96
85
92
80
92
91
92
98
106
106
1127
1087
214
236
351
1087
325
325
325
325
325
70
49
47
79
0
68
68
49
0
14
10
0
0
0
0
7
0
0
0
0
0
0
0
8
0
8
0
8
0
8
0
0
0
8
0
0
0
0
8
8
0
0
0
6
5
5
0
8
0
10
0
0
0
0
0
0
0
0
8
1
0
0
0
-58
-41
-41
-36
-34
-34
-34
-7
-62
-33
-43
-16
-68
-55
-69
-31
-41
-28
-61
-14
-28
-18
-29
-41
-31
-50
-75
-106
-176
-5
-25
-20
-31
-108
-252
-56
-163
-66
-50
-15
-18
-29
-226
-261
-263
-4
-25
-31
-35
-41
-40
-35
-9
-33
-14
-35
-47
-32
-40
-31
-42
-34
-27
-27
-12
-16
-16
-20
-95
-91
-104
-100
-110
-63
-71
-66
-69
-51
-18
-2
-4
0
-5
-2
-9
-5
-5
-11
-4
-37
-81
-8
-75
-44
-92
-103
-161
-12
-8
-8
-148
-8
-23
-8
-34
-22
-23
0
-115
0
-114
-118
-102
-210
-180
-92
-57
-207
-224
-322
-331
-819
-719
-1082
-367
-147
-8
-732
-856
-903
-8
-8
-8
-8
0
-8
33
25
8
17
20
15
34
13
2
44
31
15
11
27
15
52
72
65
74
12
34
25
13
23
26
29
125
53
57
24
116
7
122
83
416
46
102
0
141
0
82
0
43
39
67
101
0
0
67
88
97
120
124
139
93
168
118
117
65
54
108
101
112
100
107
105
111
111
111
104
111
111
91
12
106
33
25
19
39
41
53
71
29
21
40
41
33
15
15
15
21
11
51
3
13
14
104
120
140
122
117
160
179
189
410
453
552
1285
1597
552
1008
1691
1662
1238
4590
4602
4602
4602
4602
4602
4618
4590
4702
992
1000
4610
5085
5089
5089
5097
5097
5106
5106
5106
5106
5106
5122
5114
5122
5122
5122
5122
5122
-1000
1000
-20
-16
-8
-9
-20
-1
-4
-6
-69
-39
-32
0
-89
-64
-66
-60
-59
-50
-73
-58
-53
-64
-52
-200
-72
-62
-50
-1
-6
-51
-89
-54
-63
-26
-9
0
-33
-1
-59
-16
-47
-10
-20
-22
-64
-41
-916
31
31
17
22
35
18
5
33
29
48
26
318
362
436
431
436
380
404
372
503
497
822
846
829
849
839
846
868
882
1388
1312
1464
1654
1452
1336
1897
1713
1797
1862
1000
-16
-28
-70
-22
-18
-27
-73
-46
-8
-5
-20
-44
-31
-41
-63
-50
-45
-35
-62
-58
-66
-46
-42
-86
-93
-107
-97
-170
-156
-135
-130
-139
-56
-50
-46
-103
-62
-95
-144
-181
-165
-178
-235
-380
-426
-400
-312
-406
-372
-418
-432
-1369
-385
-1239
-1347
-1313
-357
-365
-289
-306
-146
-165
-89
-577
-812
-822
31
14
20
0
11
18
24
33
12
39
12
30
164
101
204
63
60
0
79
45
69
72
52
10
2
2
20
23
35
50
86
25
81
60
171
13
93
60
54
18
51
2
0
0
94
89
63
52
60
23
91
79
99
60
128
102
149
95
157
195
198
89
102
116
167
13
1
128
155
205
205
221
157
145
142
264
197
256
205
166
158
149
48
96
73
78
42
45
58
76
90
120
93
268
68
83
20
76
85
52
15
16
10
27
6
6
4
0
0
9
-23
-35
-85
-81
-90
-79
-99
-83
-75
-77
-58
-19
-56
-9
-52
-13
25
11
9
22
55
43
60
50
33
33
52
48
4
6
30
15
25
31
60
52
67
17
19
15
37
57
106
47
143
104
132
147
154
166
171
155
147
193
206
265
73
228
125
158
154
173
120
168
150
131
96
108
137
137
82
114
2
25
14
43
23
22
74
24
60
23
55
82
177
126
271
183
301
234
569
-25
-8
-5
-5
-60
-12
-76
-30
-77
-31
-31
-15
-37
-3
-21
-8
-21
-51
-74
-89
-47
-50
-27
-68
-48
-71
-87
-126
-108
-108
-104
-109
-72
-141
-116
-581
25
23
70
19
84
66
62
16
71
38
47
38
16
29
139
61
39
127
143
242
59
69
1
370
131
143
114
822
885
822
765
1158
1262
1588
1518
1817
1675
1829
1099
1847
1097
1194
1258
1339
1004
1051
1084
1172
1003
1345
1170
1335
1006
1020
971
890
738
723
966
1215
1108
1125
1158
-29
-70
-66
-56
-86
-43
-46
-33
-22
-25
-35
-27
-72
-32
-29
-18
-39
-59
-47
-47
-39
-1
-60
-20
-70
-46
-56
-24
-52
-54
-53
-2
-18
-13
-27
-6
-41
-8
-76
-19
-47
-51
-57
-67
-185
-62
-171
0
-116
-74
-168
-83
-256
-89
-106
-58
-295
-240
-319
-287
-272
-274
-267
-279
-315
-300
-456
-470
-497
-480
-508
-516
-502
-514
-558
-425
-453
-471
-453
-420
-528
-415
-403
-386
-463
-406
-421
-437
-441
-479
-497
-522
-504
-508
-527
-122
-173
-71
-102
-31
-122
-441
-442
-626
-610
-703
-658
-700
-688
-721
-709
-759
-759
-789
-794
-827
-831
-836
-819
-841
-869
-4898
-4578
-4914
-4598
-4602
-4594
-4602
-4602
-4602
-4602
-4602
-4602
-4606
-4602
-4614
-4610
-4610
-4610
-4614
-4614
-4614
-4614
-4614
-4614
-4614
0
-4614
-4614
-4614
-4602
-4614
-4614
-4627
56
70
77
72
83
64
71
51
39
76
70
53
44
75
285
282
291
-70
-2
-6
-6
-24
-37
-29
-17
-17
-39
-39
-72
-67
-74
-38
-41
-34
-45
-20
-19
-14
-4
-12
-2
-12
-17
-12
-14
-14
-38
-16
-29
0
-29
-5
-15
-16
-14
-25
-25
-29
-13
-81
-12
0
-30
-57
-15
-3
-42
-55
-56
-34
-31
-51
0
0
-346
-386
32
12
68
14
22
6
74
58
77
65
46
62
57
0
27
38
20
56
61
54
58
63
47
22
35
31
32
12
58
35
8
36
29
14
14
60
14
62
37
0
21
15
8
16
26
18
9
12
16
25
43
19
33
16
18
5
0
0
0
0
14
22
0
92
18
42
28
8
15
24
19
14
16
8
8
47
62
47
25
40
8
102
40
17
10
20
15
28
36
31
35
69
22
10
30
47
23
33
26
68
36
27
68
80
77
75
69
78
70
71
60
85
78
85
18
28
20
43
63
85
82
85
20
23
23
25
0
32
8
8
8
8
8
0
0
0
0
0
0
8
8
8
8
8
0
8
0
8
-45
-31
-64
-20
-58
-41
-26
-56
-62
-70
-22
-19
-21
-62
-24
-66
-4
-28
-37
-62
-29
-17
-38
-34
-2
-19
0
-44
-15
-19
-38
-69
-70
-66
-66
-64
-64
-80
-72
-97
-70
-93
-73
-89
-72
-85
-83
-84
-87
-71
-75
-39
-38
-32
-32
-52
-20
-35
-31
-51
-60
-163
-21
-18
-18
-19
-5
-6
0
-9
-12
-12
-12
-80
-108
-108
-104
-108
-97
-90
-87
-100
-95
-98
-99
-123
-102
-92
-6
-7
-9
-14
-115
-106
-124
-141
-141
-94
-108
-102
-125
-50
-103
-158
-117
-235
-235
-131
-268
-260
-845
-64
-92
-108
-521
-626
-716
22
25
62
70
91
44
68
75
38
22
60
3
39
23
58
20
38
39
25
36
14
35
10
16
86
29
68
66
83
83
128
63
91
53
40
89
103
110
151
136
104
106
38
16
41
33
54
48
51
6
625
706
1000
-45
-57
-41
-62
-47
-26
-35
-35
-26
-9
-16
-20
-18
-10
-16
-1
-9
-6
-12
-12
-31
-33
-17
-41
-41
-57
-10
-39
-6
-11
0
-85
-59
-86
-60
-28
-139
-191
-295
-283
-303
-87
-207
-52
-380
-439
-375
-409
-425
-236
-221
0
-533
-14
-814
-600
-609
-613
-727
-737
-746
-768
-783
-764
-772
-798
-780
-892
-921
-1004
-1232
-1229
-1279
-1297
-1314
-1329
-1332
-1305
-1301
-1342
-1382
-1406
-1418
-1462
-1462
-1478
-1528
-1545
-1605
-1624
-5231
-5235
-5235
-5235
-5535
-5239
-5543
-5547
-5551
-5551
-5551
-5555
-5559
-6448
-6448
-1000
1000
-1000
1000
-1000
1000
-1000
1000
57
17
69
2
1
44
13
19
36
20
19
164
10
40
0
18
11
52
34
50
86
102
84
170
129
150
48
30
25
60
27
124
37
54
81
51
70
29
15
46
17
48
1
224
91
20
59
20
12
39
150
18
226
131
176
141
147
150
122
118
150
170
223
194
1289
-39
-59
-73
-69
-52
-95
-95
-82
-100
-11
-20
-22
-44
-63
-81
-54
-65
-35
-54
-6
-59
-25
-14
-24
-14
-1248
62
26
28
22
93
37
31
18
37
26
44
41
57
14
114
70
43
22
106
3
21
17
15
1
4
9
52
46
31
0
17
10
18
55
78
91
119
113
120
295
251
491
156
172
166
179
200
200
212
261
131
305
209
201
199
187
193
201
224
266
65
216
110
139
178
179
30
1
39
22
26
52
93
34
60
10
22
42
4
22
0
51
0
78
0
0
0
129
137
215
213
222
209
262
102
237
277
251
264
992
1008
1223
-21
-22
-66
-77
-128
-25
-25
-17
-40
-8
-34
-26
-80
-14
-14
-1
-35
-21
-42
-23
0
-4
-18
-8
-2
-19
-11
-2
-16
-8
-22
-12
-22
-54
-61
-1
-13
-15
-36
-15
-22
-25
-10
-75
-52
-8
-18
-89
-71
-89
-56
-60
-101
-120
-97
-82
-42
-35
-10
-35
-45
0
0
-60
-191
-47
-58
-43
-476
-491
-501
-474
-447
-463
-423
-391
-407
-370
-431
-458
-471
-406
-392
-435
-542
-551
-506
-527
-537
-215
-227
-167
-205
-146
-229
-169
-162
-109
-202
-247
-174
-237
-273
-253
-308
-245
-325
-245
-274
-289
-416
0
-556
-618
-4690
-2068
-2116
0
-4686
0
-4678
-4694
-4702
-4702
-5035
-5031
-5035
-5035
-5035
-5035
-5035
-5035
-5039
-5043
-5039
-5035
-5039
-5039
-5060
-5052
-5047
-5047
45
26
43
23
35
20
29
19
48
56
72
43
56
60
34
34
35
33
52
52
55
41
31
21
25
25
26
12
16
0
64
50
20
28
6
0
1
6
0
1
6
7
16
1
51
16
18
62
27
9
47
30
36
76
10
13
5
1
61
0
25
25
23
4
0
0
0
0
17
10
0
0
0
81
1
10
3
3
3
7
1
6
4
4
8
1
10
12
10
3
0
2
0
2
62
12
27
16
17
16
52
0
11
0
3
3
1
0
0
0
0
0
1
7
79
7
12
10
14
15
10
0
0
0
1
0
6
0
0
4
0
8
0
9
0
4
45
15
0
0
0
0
0
8
14
13
14
2
2
0
0
0
0
0
0
0
0
0
0
0
0
-58
-19
-63
-16
-85
-57
-72
-48
-125
-54
-44
-3
-45
-4
-12
0
-68
-26
-64
-25
-29
-75
-73
-92
-86
-95
-14
-59
-57
-28
-28
-16
-27
-100
-60
-86
0
0
0
0
-965
57
41
47
65
94
4
59
14
30
30
0
24
21
20
17
17
62
13
17
21
5
52
52
3
32
16
91
24
85
29
6
7
0
21
10
6
16
0
12
5
6
27
117
54
2
29
30
45
205
205
212
158
203
200
193
174
197
197
193
204
204
204
204
204
204
204
204
199
222
210
219
197
231
240
241
228
241
229
256
244
248
236
236
226
303
322
314
329
319
0
307
0
321
300
363
349
405
352
421
329
381
335
431
399
-44
-25
-14
-26
-20
-16
-24
-10
-4
-4
0
-8
0
-10
-26
-17
-21
-21
-1
-14
-10
-14
-4
-8
-8
-32
-14
-33
-65
-75
-26
-44
-12
-8
-38
-53
0
-15
-5
-14
-48
0
0
0
0
-14
-11
0
0
0
-53
-33
-58
-30
-101
0
-17
-36
-5
-33
-43
-16
-31
-20
-50
-52
-98
-31
-29
-29
-24
-26
-14
-14
-25
-11
-35
-19
0
0
0
0
0
-33
0
-10
-56
-12
-44
-29
-43
-44
-18
-9
-18
-33
-52
-16
-83
-83
-4
-6
-18
-56
0
-18
-12
-23
-43
-45
-45
-58
-58
-68
-68
-70
-70
-82
-133
-90
-134
-110
-121
-88
-121
0
-151
-126
-132
-129
-139
-161
-146
-164
-164
-160
-169
-188
-188
-188
-236
-256
-284
-214
-243
-229
-266
-266
-266
-266
-237
-255
-258
-258
-254
-258
-279
-313
-335
-346
-322
-277
-322
-322
-308
-248
-294
-294
-268
-272
-295
-364
-392
-411
-411
-404
-403
-404
-414
-400
-400
-459
-551
-485
-485
-437
-451
-525
-576
-702
-737
-724
-778
-733
-761
-782
-1469
-607
-693
-885
-1015
-1723
-4754
-4762
-4762
-4758
-4766
-4766
-4766
-4770
-4770
-4770
-4770
-4770
-4770
-4775
-4779
-4775
-4779
-1000
1000
-1000
1000
-1000
1000
-1000
1000
-1000
1000
38
35
76
35
52
46
87
87
86
56
48
25
29
18
59
53
106
18
114
64
102
3
116
62
70
53
111
49
57
8
76
8
43
74
58
157
69
328
319
705
817
856
314
211
20
23
28
52
0
21
63
34
5
6
29
56
58
62
50
41
0
110
772
-46
-36
-36
-24
-49
-3
-7
-7
-28
-2
-37
-22
-13
-120
-37
-40
-37
-37
-24
-51
-35
-63
-59
-95
-51
-110
-94
-92
-57
-105
-59
-35
-29
-32
-4
-8
-6
-12
0
-11
-3
-143
-14
-5
-29
-38
-18
-47
-15
-22
-1
-59
-1
-6
-34
-8
-10
-2
-10
-16
-8
-18
-19
-3
-47
-54
-87
-77
-79
-49
-39
0
0
-4
-10
-5
-42
-24
0
0
-42
0
-67
-90
-39
-217
-237
-208
-177
-215
-175
-220
-242
-258
-286
-186
-150
-149
-27
-633
-633
-633
-693
-756
-756
-756
-756
-4802
-214
-310
-342
-418
-495
-583
-1000
-1000
-5173
-5173
-5173
-5173
-493
-4133
-386
-4133
-378
-4133
-464
-4133
-5197
-5197
-5202
-5206
-6107
-6115
-6127
1000
-1000
1000
68
16
44
22
32
19
14
8
31
8
14
21
55
73
51
57
54
78
70
77
82
49
178
79
158
130
214
72
101
106
179
190
195
184
191
213
236
229
247
189
222
200
247
167
206
195
198
195
225
112
247
123
123
92
239
94
91
76
109
43
169
21
23
5
112
87
91
20
114
89
187
134
679
699
685
565
691
666
839
807
2756
5624
1000
-1000
1000
-1000
1000
-1000
1000
-1000
1000
-1000
1000
-70
-53
-2
-37
-25
-16
-14
-27
-15
-37
-29
-10
-4
-4
-10
-4
0
-6
-16
0
-11
-18
-2
-4
-18
-2
-43
-13
-22
-22
-259
-280
-362
-362
-603
-261
-295
-245
-397
-391
-458
-454
-490
-453
1000
-1256
1000
-1000
1000
67
25
25
25
32
19
45
33
41
21
16
18
6
79
77
59
50
18
41
21
18
36
40
25
20
21
22
26
11
138
119
104
95
174
150
231
168
370
345
302
306
435
-67
-35
-27
-27
-89
-26
-85
-78
-181
-29
-29
-13
-50
0
-34
-9
-33
-18
-38
-19
-45
-12
-21
-3
-27
-25
-34
-10
-10
-22
-3
-6
-61
-33
-139
-18
-60
-47
-110
-115
-146
-166
-175
-196
-191
-118
-220
-180
-200
-185
-180
-181
-213
-184
-245
-215
-249
-195
-196
-183
-194
-195
-252
-209
-329
-354
-350
-352
-347
-325
-318
-313
-338
-329
-337
-329
-710
-603
-1325
68
18
26
16
62
29
105
91
117
51
59
47
56
25
13
41
25
32
25
29
39
50
18
47
70
90
70
82
91
275
143
239
223
251
256
324
366
343
333
358
291
438
397
469
392
395
420
429
427
435
195
195
178
244
127
164
115
190
65
57
86
72
76
85
85
76
101
104
94
106
98
117
81
119
82
123
101
130
108
112
91
313
328
329
325
336
222
249
265
350
353
405
399
316
405
408
313
476
448
400
470
491
491
491
491
491
0
491
491
491
491
491
739
787
732
725
725
725
725
807
1428
1428
1570
1570
5385
5385
6295
6295
5306
5410
6211
1000
6219
6319
7228
1000
6311
6319
6323
6323
7224
7224
7228
7228
-1000
1000
-1000
1000
-1000
1000
-1000
1000
-1000
1000
-1000
1000
-1000
1000
-1000
1000
-70
-16
-56
-29
-83
-76
-43
-29
-45
-18
-24
-11
-28
-20
-36
-101
-64
-112
-54
-61
-57
-33
-29
-2
-9
-230
-54
-41
-239
-86
-229
-286
-528
-506
-523
-540
-543
-563
-564
-581
-612
-569
-537
70
12
45
29
31
27
76
57
59
18
9
79
52
123
117
151
186
177
150
175
152
235
248
648
660
704
645
667
662
1229
1221
1591
-25
-18
-72
-74
-142
-106
-127
-70
-85
-20
-24
-24
-49
-74
-97
-16
0
-52
-58
-42
-12
-4
-10
0
-3
0
-10
-16
-90
-74
-70
-65
-79
-62
-78
-41
-123
-86
-98
-86
-81
-40
-143
-153
-147
-164
-164
-127
-172
-189
-155
-114
-208
-154
-172
-192
-142
-199
-199
-208
-227
-139
-124
-120
-122
-99
-116
-115
-139
-142
-149
-48
-136
-76
-109
-115
-151
-52
-68
-99
-132
-127
-120
-127
-120
-112
-158
-214
-223
-223
-223
-223
-243
-249
-375
-531
-235
-302
-302
-460
-4133
-4133
-4133
-4134
-4134
-8
-8
0
-5093
-5093
-5093
-5093
-5097
0
-5102
-5102
-5106
39
34
16
27
20
1
36
24
36
5
13
13
47
22
8
22
16
2
11
11
11
25
33
3
56
35
45
33
127
107
132
100
86
92
100
81
65
25
89
77
68
14
40
4
3
20
106
74
95
73
50
82
135
66
76
86
122
75
151
160
152
145
162
153
372
55
179
192
1304
1304
2330
990
1035
1112
1146
1020
985
-28
-27
-27
-27
-48
-29
-45
-20
-47
-1
-42
-21
0
0
-43
-54
-41
-33
-29
-13
-70
-46
-126
-15
-12
-15
-21
-6
-2
-2
-7
-48
-58
-72
0
-6
-31
-1
-2
-39
-22
-24
-20
-33
-8
-42
-6
-229
-10
-17
-8
-27
-43
-22
-22
-48
-20
-5
-6
-1
-9
-20
-46
-72
-41
-90
-100
-114
-28
-81
-59
-81
0
-69
-34
-78
-59
-98
-94
-94
-18
-59
-407
0
-435
-435
-458
-455
-460
-417
-552
-395
-416
-411
-472
-405
-440
-480
-492
-482
-589
-500
-516
-510
-500
-516
-516
-500
-606
-617
-726
0
-5189
-525
-669
-508
-1174
-491
-5202
-5193
-2330
-5214
-5281
-5281
-5289
15
14
34
39
38
25
14
20
24
26
60
33
22
15
16
49
14
29
27
23
25
11
4
13
13
35
30
15
33
24
8
52
24
19
33
55
79
54
40
4
4
48
35
49
41
7
33
35
39
163
148
280
37
9
30
183
3
10
263
288
318
332
318
269
304
260
179
345
358
303
224
303
253
274
269
285
274
560
560
690
520
495
511
497
477
683
698
746
754
770
800
877
899
864
952
1033
1041
1175
1118
1118
1748
1792
1943
1996
1954
2406
2472
6199
-1000
1000
-1000
1000
-1000
1000
-1000
1000
-1000
1000
-41
-33
-33
-22
-23
-20
-20
-13
-20
-38
-10
-35
-46
-53
-8
-17
-26
-16
-58
-67
-30
-71
0
-6
-6
-5
-35
-24
-21
-12
-9
0
-65
-44
-50
-1
-62
-75
-74
-79
-101
-87
-128
-86
-159
-167
-134
-143
-137
-154
-166
-208
-216
-225
-225
-235
-300
-63
-70
-48
-50
-62
-62
-39
-73
-69
-69
-74
-82
-71
-95
-87
-105
-23
-106
-17
-18
0
0
0
0
0
0
0
0
0
0
0
0
0
0
0
0
0
0
0
0
0
0
0
0
0
0
0
0
0
0
0
0
0
0
0
0
0
0
0
0
0
0
0
0
0
0
0
0
0
0
0
0
-133
0
0
0
0
41
20
22
22
51
41
27
26
25
6
8
16
3
16
10
14
13
0
0
2
30
6
11
7
4
36
24
26
11
22
52
301
174
256
250
430
469
502
498
1568
-41
-22
-64
-33
-106
-70
-58
-54
-90
-25
-82
-12
-35
-20
-59
-12
-55
-9
-8
-10
-113
-49
-57
-34
-18
-20
-79
-161
-91
-139
-40
-99
-168
-132
-238
-268
-68
-104
-404
-115
-146
-124
-102
-100
-147
-160
-175
-31
-151
-171
-245
-233
-273
-177
-173
-128
-125
-124
-166
-95
-152
-164
-464
-460
-484
-472
-464
-523
-542
-501
-3114
-980
-3072
-1058
-1868
-672
-704
-398
-414
-412
-406
-391
-432
-432
-444
-439
-450
-420
-458
-473
-4806
41
28
30
29
57
18
58
34
29
25
33
17
18
13
10
5
8
16
103
25
66
75
90
112
112
132
190
199
542
128
217
41
49
43
66
91
186
137
93
202
364
229
220
189
193
108
155
90
109
108
202
174
105
106
197
197
380
332
436
436
439
239
704
604
1908
1451
1458
926
1627
-45
-16
-103
-27
-33
-14
-45
-43
-58
-1
-21
-27
-9
-64
-6
-21
-27
-17
-27
-39
-19
-39
-39
-42
-60
-67
-11
-16
-20
-31
-25
-35
-40
-55
-17
-17
-4
-32
-17
-14
-1
-56
0
-49
-12
-78
-78
-64
-46
-95
-38
-175
-157
-182
-168
-184
-162
-195
-162
-165
-130
-132
-93
-90
-60
-97
-83
-95
-95
-95
-103
-122
-87
-90
-87
-71
0
-89
0
-89
-73
-101
-107
-116
-83
-113
-138
-146
-141
-148
-120
-178
-194
-198
-209
-241
-243
-255
-232
-258
-266
-289
-285
-348
-351
-361
-400
-403
-420
-621
-568
-846
-909
-5791
-5297
-5306
-5314
1000
-1000
1000
-1000
1000
-1000
1000
-1000
1000
68
18
34
31
35
23
30
5
393
-68
-31
-54
-72
-65
-129
-81
-201
-174
-175
-174
-231
-224
-288
-303
-421
-201
-436
-212
-494
-480
-535
68
31
112
72
104
68
82
91
90
82
119
61
59
29
57
10
25
12
43
26
72
80
73
46
24
0
49
0
41
39
43
22
22
9
19
16
19
26
29
16
26
4
26
14
55
4
7
10
4
16
25
16
65
75
60
58
113
80
45
9
6
11
130
147
152
134
149
107
131
147
162
146
145
114
147
158
161
148
158
139
145
138
268
243
252
252
262
258
268
275
275
284
307
306
370
368
370
158
165
0
184
185
193
95
183
35
95
14
0
0
0
4
0
0
4134
4134
4134
4134
4134
5085
5097
5081
5081
5093
5093
-62
-40
-40
-41
-17
0
-49
-33
-22
-4
-57
-41
-45
-52
-54
-31
-64
-97
-66
-56
-79
-47
-47
-73
-88
-145
-79
-91
-110
-114
-87
-133
-89
-95
-85
-110
-99
-110
-106
-149
-137
-162
-140
-144
-162
-177
-176
-185
-137
-188
-124
-110
-18
-17
-24
-17
-14
-14
-9
-22
-11
-7
0
-9
-7
-17
-20
-19
-8
-1
-40
-19
0
-18
-84
-70
-74
-56
-35
-40
-40
-38
-38
0
-22
0
-95
-1
-8
-24
0
0
0
-60
-47
-104
-98
-1085
-1121
-1209
-1251
-1304
-1263
-1320
34
54
41
37
35
22
45
58
59
58
73
14
19
8
53
51
31
10
63
78
17
23
372
20
1
17
11
31
41
37
11
7
62
1
16
33
9
32
29
22
103
35
20
21
44
61
34
8
86
22
30
18
50
6
0
0
53
14
0
16
8
0
0
0
0
0
34
20
42
24
20
26
18
16
8
0
28
0
0
0
0
0
1
18
0
2
0
0
0
0
0
0
-59
-11
-4
-21
-35
-50
-7
-77
-29
-14
-43
-68
-34
-26
-106
-75
-113
-87
-104
-87
-93
-76
-123
-120
-137
-157
-179
-169
-1291
43
21
28
35
52
45
65
56
59
52
75
41
40
41
33
47
33
118
105
86
79
81
73
224
233
225
279
372
184
166
174
185
129
202
237
201
238
215
180
268
260
254
302
383
362
374
302
418
379
720
731
1291
559
575
585
927
-68
-33
-13
-13
-1
-50
-25
-56
-33
-46
-36
-43
-37
-50
-20
-49
-32
-47
-41
-51
-83
-74
-72
-3
-181
-185
-220
-12
-64
-29
-35
-12
-7
-7
-8
-21
-61
-45
-31
-65
-51
-2
0
-11
-25
-25
-25
-8
-41
-36
-33
-41
-18
-27
-13
-16
-51
-31
-24
-13
-29
0
-22
-21
-58
-6
-8
-1
-28
-25
-35
-17
-20
-16
-16
-8
-4
-2
-2
-2
0
-13
-25
-29
-29
-208
-254
-285
-836
-878
-878
-879
-789
-785
-4133
-4133
-4134
0
-5202
32
35
35
35
26
36
48
31
28
33
66
8
58
2
62
0
8
100
77
182
190
229
211
226
203
472
415
454
420
468
418
578
413
509
370
481
350
375
358
398
225
368
378
408
409
447
306
471
466
906
511
961
645
1284
592
1318
-65
-9
-20
-87
-20
-4
-18
-29
-96
-14
-2
-2
-55
-20
-37
-10
-21
-5
-8
-43
-102
-101
-152
-132
-186
-97
-163
-96
-106
-100
-292
-303
-292
-292
-287
-285
-302
-281
1000
65
27
35
31
58
6
0
17
66
17
34
49
52
54
1
157
146
117
2
39
79
90
19
39
39
39
27
46
0
50
48
57
50
38
39
27
29
54
31
48
52
66
39
50
35
80
43
104
75
120
116
162
127
154
114
161
156
167
162
160
142
158
131
319
309
566
245
501
6
0
4
0
8
14
4
0
8
106
91
104
90
124
54
82
93
94
93
131
43
204
162
535
551
547
558
571
572
752
752
800
858
900
869
956
537
878
884
5531
5531
5531
5531
5531
5289
5627
5643
1000
-1000
1000
-1000
1000
-1000
1000
-41
-19
-75
-45
-67
-50
-79
-89
-124
-116
-119
-102
-124
-45
-61
-74
-176
-94
-194
-212
-212
-173
-197
-8
-15
-16
-4
-87
-88
-100
-89
-85
-18
-33
-61
-47
-39
-37
-172
-161
-164
-131
-74
-80
-779
-54
-33
-114
-85
-75
-60
-48
-48
-68
-45
-45
-45
-45
-45
-128
-107
-97
-118
-268
-144
-277
-117
-314
-280
-357
-290
-304
-314
-283
-275
-275
-268
-380
-327
-422
-505
-497
-341
-226
-150
-708
-957
-871
-616
-775
-665
-703
-461
-503
-486
-1025
-481
-457
-503
-589
-408
-455
-488
-541
-374
-601
-391
-1327
-1483
-1520
-1574
-2061
-2080
-2425
-2437
-2448
-2480
-6199
-6203
-6211
-6207
1000
-1000
1000
-1000
1000
-1000
1000
-1000
1000
-1000
1000
53
31
39
22
43
60
53
58
52
51
12
24
21
20
23
13
17
18
42
11
27
24
45
40
34
23
29
21
27
44
11
29
0
64
60
70
63
75
63
127
110
119
111
129
4
39
10
17
47
58
60
135
0
0
0
14
9
34
36
36
55
4
44
72
2
28
14
135
24
91
86
145
78
95
424
441
437
452
452
455
475
461
454
457
461
488
506
430
508
495
1119
1164
1218
1190
1220
975
1000
1570
1000
-1000
1000
-1000
1000
628
2189
-58
-35
-66
-66
-23
-38
-99
-54
-64
-48
-27
-12
-96
-56
-35
-42
-46
-37
-58
0
-49
-19
-70
-27
-81
-100
-164
-89
-125
-119
-79
-127
-136
-178
-196
-208
-162
-132
-137
-137
-56
-104
-75
-71
-25
0
-41
-14
0
-14
-212
-13
0
-153
-247
-237
-219
-206
-233
-309
-147
-155
-150
-112
-112
-234
-331
-141
-144
-138
-311
-302
-331
-310
-400
-366
-441
-430
-450
-415
-454
-466
-588
-512
-527
-433
-546
53
16
10
23
20
38
38
1
64
44
47
18
71
13
60
33
87
75
67
45
100
11
25
22
18
14
12
7
7
7
12
6
2
6
35
40
77
7
77
75
93
6
0
4
47
54
44
45
57
16
27
3
2
9
5
19
52
160
51
79
81
69
74
24
24
27
27
25
25
48
31
20
8
43
12
149
128
197
216
238
237
321
289
319
359
380
336
430
336
414
1276
5397
5410
-1000
1000
-1000
1000
-1000
1000
-81
-23
-92
-91
-88
-95
-82
-67
-150
-133
-135
-163
-171
-116
-122
-95
-131
-85
-101
-86
-118
-132
-127
-113
-119
-108
-97
-99
-88
-88
-117
-83
-87
-79
-79
-47
-136
-126
-112
-112
-137
-159
-151
-136
-131
-118
-224
-134
-119
-27
-216
-108
-155
-135
-582
-595
-545
-528
-643
-670
-720
-1091
-1120
-125
-15
-137
-912
-1860
-2627
-2220
1000
-350
-323
-435
-1594
-1691
-1937
-302
-2158
81
37
22
12
47
0
0
33
62
30
43
53
58
86
41
54
24
76
47
70
31
22
22
17
36
66
13
14
16
17
5
18
2
18
10
33
18
29
2
29
6
25
21
47
47
49
10
31
28
89
97
0
8
28
37
37
38
91
20
94
94
118
70
92
59
59
59
322
5
412
450
425
355
1119
552
1835
314
352
362
281
862
876
871
906
1130
418
418
66
66
58
64
73
78
113
102
99
102
110
105
118
123
147
154
158
148
163
173
233
273
347
356
402
-44
-2
-81
-96
-119
-107
-136
-103
-138
-136
-136
-120
-113
-98
-98
-83
-133
-108
-117
-141
-185
-162
-115
-218
-251
-205
-319
-331
-269
-256
-339
-299
-267
-281
-488
-502
-515
-546
-503
-504
-511
-515
-566
-560
-545
-545
-1951
-1954
1000
-1000
1000
-1000
1000
44
23
81
4
51
24
25
26
3
50
3
67
1
17
16
20
15
21
33
45
10
70
70
114
63
175
173
160
46
28
52
50
58
33
245
248
295
251
317
138
138
190
190
58
157
757
789
1000
-1000
1000
-1000
1000
-42
-24
-31
-28
-41
-14
-14
-9
-7
-8
-38
-41
-15
-12
-18
-9
-42
-33
-56
-31
-57
-25
-29
-6
-27
-27
-87
-84
-225
-135
-291
-252
-300
-315
-392
-337
-322
-325
-385
-366
-937
-951
-958
-891
-1112
53
28
22
24
31
8
13
6
23
9
3
4
28
43
7
40
35
41
11
5
12
42
43
186
207
208
196
201
177
177
159
200
109
135
148
162
130
102
86
173
189
183
140
238
171
227
135
224
150
152
146
181
170
162
140
209
103
108
114
124
127
116
121
154
155
154
126
140
145
144
149
227
210
208
180
230
246
282
271
299
229
297
283
310
313
314
301
402
418
376
370
367
367
456
472
862
864
864
851
856
856
974
920
5327
5331
5331
5339
5339
5339
5339
5339
5343
5343
5343
6237
6237
6249
6249
6249
6249
-1000
1000
-1000
1000
-1000
1000
-1000
1000
-1000
1000
-1000
1000
-67
-41
-70
-64
-64
-20
-9
-5
-31
-7
-102
-36
-43
-100
-60
-98
-30
-1
-17
-3
-18
-18
-37
-18
-2
-3
-161
-33
-63
-24
-35
-93
-183
-179
-487
-147
-651
-20
-142
-90
-166
-30
-78
-176
-196
-169
-151
-220
-250
-238
-220
-453
-331
-472
-334
-279
-335
-378
-437
-482
-568
-559
-662
-662
-719
-738
-754
-691
-895
-711
57
22
21
8
18
42
51
6
35
27
44
8
6
0
4
13
27
32
8
25
96
75
60
28
71
36
65
56
69
10
67
10
16
7
38
5
21
0
19
35
44
20
20
16
56
73
73
23
38
8
29
13
14
0
8
0
5
0
0
0
10
10
10
0
17
15
34
18
45
17
25
37
19
11
0
0
6
0
7
0
6
6
0
24
12
13
0
13
0
0
22
14
0
0
0
0
0
0
0
0
0
0
1
0
0
0
0
0
0
0
0
0
0
0
0
0
0
0
0
0
0
0
0
0
0
48
48
48
8
1
17
10
0
95
0
0
0
67
0
0
0
4
0
0
23
14
0
0
0
0
0
0
0
0
0
0
0
0
0
